0 FILE 秋千.io
0 Untitled Model
0 Name:  秋千
0 Author:  
0 CustomBrick
0 NumOfBricks:  29
1 16 19.999580 -0.000060 60.029880 1.000000 0.000000 0.000000 0.000000 1.000000 0.000000 0.000000 0.000000 1.000000 submodel group 1
1 0 -120.000300 -14.000060 47.416580 0.000000 0.000000 1.000000 0.000000 1.000000 0.000000 -1.000000 0.000000 0.000000 2780.dat
1 0 159.999600 -14.000050 67.416540 0.000000 0.000000 1.000000 0.000000 1.000000 0.000000 -1.000000 0.000000 0.000000 2780.dat
0 STEP
1 0 160.000100 -14.000000 -172.720000 0.000000 0.000000 1.000000 0.000000 1.000000 0.000000 -1.000000 0.000000 0.000000 2780.dat
1 16 20.000050 0.000000 -160.106600 1.000000 0.000000 0.000000 0.000000 1.000000 0.000000 0.000000 0.000000 1.000000 submodel group 2
1 0 -119.999900 -14.000050 -152.720000 0.000000 0.000000 1.000000 0.000000 1.000000 0.000000 -1.000000 0.000000 0.000000 2780.dat
0 STEP
1 14 19.999770 -96.487260 -23.023410 1.000000 0.000000 0.000000 0.000000 0.000000 1.000000 0.000000 -1.000000 0.000000 32009.dat
1 14 20.000260 -96.487260 -83.307170 1.000000 0.000000 0.000000 0.000000 0.000000 1.000000 0.000000 -1.000000 0.000000 32009.dat
1 16 80.000340 -82.487260 -53.307160 1.000000 0.000000 0.000000 0.000000 1.000000 0.000000 0.000000 0.000000 1.000000 submodel group 3
1 0 60.000260 -96.487250 -33.307210 0.000000 0.000000 -1.000000 0.000000 1.000000 0.000000 1.000000 0.000000 0.000000 2780.dat
1 0 80.000360 -96.487250 -33.307160 0.000000 0.000000 -1.000000 0.000000 1.000000 0.000000 1.000000 0.000000 0.000000 2780.dat
1 0 60.000260 -96.487250 -73.307160 0.000000 0.000000 -1.000000 0.000000 1.000000 0.000000 1.000000 0.000000 0.000000 2780.dat
1 0 80.000340 -96.487250 -73.307170 0.000000 0.000000 -1.000000 0.000000 1.000000 0.000000 1.000000 0.000000 0.000000 2780.dat
0 STEP
1 0 20.000280 -256.487200 -139.928800 0.000000 0.000000 -1.000035 0.000000 1.000000 0.000000 1.000035 0.000000 0.000000 3707.dat
1 71 20.000310 -256.490100 -53.435660 -1.000035 0.000000 0.000000 0.000000 1.000000 0.000000 0.000000 0.000000 -1.000035 59443.dat
1 0 19.999820 -256.487200 28.576620 0.000000 0.000000 -1.000000 0.000000 1.000000 0.000000 1.000000 0.000000 0.000000 3707.dat
1 71 20.000270 -256.487200 -203.770600 1.000000 0.000000 0.000000 0.000000 1.000000 0.000000 0.000000 0.000000 1.000000 3713.dat
1 71 19.999830 -256.487200 56.936620 1.000000 0.000000 0.000000 0.000000 1.000000 0.000000 0.000000 0.000000 1.000000 3713.dat
1 71 20.000280 -256.487200 -162.459200 1.000000 0.000000 0.000000 0.000000 1.000000 0.000000 0.000000 0.000000 1.000000 3713.dat
1 71 20.000280 -256.487200 -112.637100 0.000000 0.000000 -1.000000 0.000000 1.000000 0.000000 1.000000 0.000000 0.000000 62462.dat
1 71 19.999820 -256.487200 7.416610 0.000000 0.000000 -1.000000 0.000000 1.000000 0.000000 1.000000 0.000000 0.000000 62462.dat
1 71 19.999840 -256.487200 98.576610 1.000000 0.000000 0.000000 0.000000 1.000000 0.000000 0.000000 0.000000 1.000000 3713.dat
1 71 19.999840 -256.487200 6.176620 0.000000 0.000000 -1.000000 0.000000 1.000000 0.000000 1.000000 0.000000 0.000000 62462.dat
0 STEP
0 NOFILE
0 FILE SubModel Group 1
0 SubModel Group 1
0 Name:  SubModel Group 1
0 Author:  
0 CustomBrick
0 NumOfBricks:  3
1 232 0.000070 -24.000000 -2.613330 -1.000000 0.000000 0.000000 0.000000 1.000000 0.000000 0.000000 0.000000 -1.000000 3703.dat
1 14 -70.000060 -135.243600 -22.613350 0.866026 0.000000 0.500000 0.500000 0.000000 -0.866026 0.000000 1.000000 0.000000 32278.dat
1 14 70.000160 -135.243600 17.386690 -0.866026 0.000000 -0.499999 0.499999 0.000000 -0.866026 0.000000 -1.000000 0.000000 32278.dat
0 NOFILE
0 FILE SubModel Group 2
0 SubModel Group 2
0 Name:  SubModel Group 2
0 Author:  
0 CustomBrick
0 NumOfBricks:  3
1 232 0.000070 -24.000020 -2.613300 -1.000000 0.000000 0.000000 0.000000 1.000000 0.000000 0.000000 0.000000 -1.000000 3703.dat
1 14 70.000130 -135.243600 -22.613280 -0.866026 0.000000 -0.499999 0.499999 0.000000 -0.866026 0.000000 -1.000000 0.000000 32278.dat
1 14 -70.000020 -135.243700 17.386660 0.866026 0.000000 0.499999 0.499999 0.000000 -0.866026 0.000000 1.000000 0.000000 32278.dat
0 NOFILE
0 FILE SubModel Group 3
0 SubModel Group 3
0 Name:  SubModel Group 3
0 Author:  
0 CustomBrick
0 NumOfBricks:  3
1 232 0.000000 -24.000000 -10.000000 1.000000 0.000000 0.000000 0.000000 1.000000 0.000000 0.000000 0.000000 1.000000 3701.dat
1 232 0.000000 -24.000000 10.000000 1.000000 0.000000 0.000000 0.000000 1.000000 0.000000 0.000000 0.000000 1.000000 3701.dat
1 14 0.000000 -32.000000 0.000000 1.000000 0.000000 0.000000 0.000000 1.000000 0.000000 0.000000 0.000000 1.000000 3709b.dat
0 NOFILE
